28
 	14,473684	00
ò	9,210526	010
î	9,210526	0110
ë	6,578948	01110
à	6,578948	01111
ï	5,263158	1000
¸	5,263158	1001
ñ	5,263158	1010
â	3,947368	10110
å	3,947368	101110
ó	2,631579	101111

	2,631579	11000
!	2,631579	11001
ì	2,631579	11010
ð	2,631579	110110
í	1,315789	1101110
ê	1,315789	1101111
è	1,315789	111000
ä	1,315789	111001
Ñ	1,315789	111010
Ï	1,315789	1110110
û	1,315789	1110111
ÿ	1,315789	111100
Â	1,315789	111101
À	1,315789	1111100
–	1,315789	1111101
-	1,315789	1111110
.	1,315789	1111111

111010011111101001100111010010101111110101101011101101100100110011101001010110010011000111011001101010011111110011110000011010101110110111011110000101100010000110011101001010110010011111000010110001000011001110100101010111000100010111110100100110001111101001111011110111110110011010100111001111001101111011111000101111101001001111111111111000